Angle= 1.871772 
totalsize= 314608  
 totalsiz inverse= 157728 
nx= 424;   ny= 742; 
Lx= 192.814631;  
 Ly= 333.964738; 
dx=     0.4547514886567314;
dy=     0.4500872475263091; 
atone=     7.2551974569368713 ; qtone=     0.8660254037844386;
deltaB_1=    -0.1500000000000000;  
Bx_1=     1.0000000000000000;   
Bx_2=     1.0000000000000000;  
tau_1=     0.8748177652797066;   
v_1=     1.0000000000000000;   
